-305 68 -18 89 69 -131 -135 -294 -71 158 -61 -93 267 198 -312 -284 -1 -229 -52 141 
-92 202 -7 212 122 -27 211 96 24 -23 30 -5 -127 5 22 -66 98 -232 -121 -111 
-210 36 63 -269 64 121 39 46 -80 -147 -98 28 6 -24 -11 82 159 103 281 -72 
-237 110 276 123 12 -177 -387 -165 -39 -84 -311 -190 195 304 -188 -442 -25 -39 498 0 
-128 -4 -64 64 31 -100 -19 -176 176 -8 -40 20 131 28 138 -238 -261 -149 169 116 
230 -12 -103 -84 -25 -11 86 -212 -65 -85 35 -38 105 -180 22 25 69 129 -129 18 
67 199 78 24 53 18 126 -72 203 269 229 -139 -331 -147 -76 -103 72 -107 -87 -264 
20 219 17 -50 -164 129 -35 28 75 22 -12 -187 -82 -22 -170 -9 59 -238 -125 -3 
179 -48 -32 -2 165 -62 94 1 10 171 -108 -82 67 -84 77 33 168 -167 -216 94 
-201 2 71 23 0 139 19 224 -12 23 -197 -100 -92 68 345 93 201 -111 -9 4 
-178 -85 -167 -138 -254 -154 50 -150 -112 -39 14 -145 75 -141 286 69 161 118 -229 32 
307 -44 -125 36 -297 -5 -183 -146 -109 60 -31 -7 49 9 -166 83 -82 -80 -184 -190 
175 296 11 298 -183 111 203 -90 -177 -29 -166 -198 -37 105 -185 -205 242 -235 -135 -108 
11 208 115 228 -11 383 323 178 -247 7 242 206 -351 77 -50 -11 159 31 -481 97 
-59 -185 162 -271 204 53 -199 40 72 129 122 94 185 -21 -363 133 4 1 458 -27 
-191 125 -87 46 -348 269 224 11 -56 67 77 -135 -21 -40 165 124 236 -255 -101 -155 
-356 -71 5 9 -45 179 330 6 111 -42 -92 -11 -35 -221 67 -29 69 -211 -100 134 
47 163 -91 -21 -74 -115 -7 119 87 -96 33 -102 -231 -130 236 21 -56 -8 -340 -33 
80 -79 64 -249 94 -6 -471 -67 33 33 -79 -29 223 131 -222 5 -55 -88 393 63 
-154 19 -49 -85 372 203 8 -42 54 -143 76 225 -8 26 -327 -83 -199 19 60 262 
